camera_matrix:
- - 705.045707407761
  - 0.0
  - 271.4848524606369
- - 0.0
  - 724.6647834593873
  - 295.5958572312795
- - 0.0
  - 0.0
  - 1.0
distortion_matrix:
- - -0.036649432016677704
  - -1.1293780123170847
  - -0.0008420777028777411
  - 0.025363928829034234
  - 2.890282452107984
